
-1,1.10773,1.11387,614,1,1,08/08/2016 18:30,08/10/2016 03:35,1,-1,-1,EURUSD,1.09774,1.12274,0,0,commento,100201,115593215,
-1,1.10772,1.11275,503,1,1,08/08/2016 18:30,08/10/2016 03:13,1,-1,-1,EURUSD,1.09773,1.12273,0,0,commento,100205,115593216,
-1,0,0,-5.4,-11,1,08/09/2016 00:28,08/09/2016 00:28,0.01,-1,-1,,0,0,0,0,Rollover - 115593216,0,115641527,
-1,0,0,-5.4,-11,1,08/09/2016 00:28,08/09/2016 00:28,0.01,-1,-1,,0,0,0,0,Rollover - 115593215,0,115641528,
-1,0,0,-5.4,-11,1,08/10/2016 00:30,08/10/2016 00:30,0.01,-1,-1,,0,0,0,0,Rollover - 115593216,0,115770040,
-1,0,0,-5.4,-11,1,08/10/2016 00:30,08/10/2016 00:30,0.01,-1,-1,,0,0,0,0,Rollover - 115593215,0,115770041,
-1,1.11674,1.11531,143,-1,1,08/11/2016 08:00,08/12/2016 10:27,1,-1,-1,EURUSD,1.12675,1.10175,0,0,commento,100201,115900660,
-1,1.11625,1.12118,-493,-1,1,08/11/2016 08:30,08/12/2016 15:37,1,-1,-1,EURUSD,1.12624,1.10124,0,0,commento,100205,115901694,
-1,0,0,2.4,-11,1,08/12/2016 00:33,08/12/2016 00:33,0.01,-1,-1,,0,0,0,0,Rollover - 115900660,0,116000542,
-1,0,0,2.4,-11,1,08/12/2016 00:33,08/12/2016 00:33,0.01,-1,-1,,0,0,0,0,Rollover - 115901694,0,116000543,
-1,1.11508,1.12107,599,1,1,08/12/2016 12:30,08/12/2016 15:41,1,-1,-1,EURUSD,1.10509,1.13009,0,0,commento,100201,116029607,
-1,1.11662,1.12672,1010,1,1,08/12/2016 21:00,08/16/2016 11:22,1,-1,-1,EURUSD,1.10659,1.13159,0,0,commento,100200,116059369,
-1,0,0,-5.4,-11,1,08/13/2016 00:33,08/13/2016 00:33,0.01,-1,-1,,0,0,0,0,Rollover - 116059369,0,116100408,
-1,0,0,-4.7,-11,1,08/16/2016 00:25,08/16/2016 00:25,0.01,-1,-1,,0,0,0,0,Rollover - 116059369,0,116208369,
-1,1.12737,1.1305,313,1,1,08/17/2016 06:00,08/18/2016 12:15,1,-1,-1,EURUSD,1.11738,1.14238,0,0,commento,100200,116342193,
-1,1.12574,1.1316,-586,-1,1,08/17/2016 08:30,08/17/2016 21:11,1,-1,-1,EURUSD,1.13574,1.11074,0,0,commento,100201,116348225,
-1,1.1268,1.13193,-513,-1,1,08/17/2016 09:30,08/18/2016 04:54,1,-1,-1,EURUSD,1.13681,1.11181,0,0,commento,100205,116350402,
-1,1.13076,1.1349,414,1,1,08/17/2016 21:30,08/18/2016 21:12,1,-1,-1,EURUSD,1.12077,1.14577,0,0,commento,100201,116391962,
-1,0,0,-14.1,-11,1,08/18/2016 00:25,08/18/2016 00:25,0.01,-1,-1,,0,0,0,0,Rollover - 116391962,0,116432461,
-1,0,0,-14.1,-11,1,08/18/2016 00:25,08/18/2016 00:25,0.01,-1,-1,,0,0,0,0,Rollover - 116342193,0,116432462,
-1,0,0,6.6,-11,1,08/18/2016 00:25,08/18/2016 00:25,0.01,-1,-1,,0,0,0,0,Rollover - 116350402,0,116432464,
-1,1.13092,1.13207,115,1,1,08/18/2016 16:30,08/18/2016 17:32,1,-1,-1,EURUSD,1.12093,1.14593,0,0,commento,100200,116491797,
-1,1.13411,1.1279,-621,1,1,08/19/2016 03:30,08/22/2016 10:53,1,-1,-1,EURUSD,1.12409,1.14909,0,0,commento,100200,116560746,
-1,1.13332,1.1323,102,-1,1,08/19/2016 09:00,08/19/2016 12:21,1,-1,-1,EURUSD,1.14332,1.11832,0,0,commento,100201,116572906,
-1,1.13356,1.12804,552,-1,1,08/19/2016 09:30,08/22/2016 10:53,1,-1,-1,EURUSD,1.14358,1.11858,0,0,commento,100205,116574249,
-1,0,0,2.2,-11,1,08/20/2016 00:28,08/20/2016 00:28,0.01,-1,-1,,0,0,0,0,Rollover - 116574249,0,116645556,
-1,0,0,-4.7,-11,1,08/20/2016 00:28,08/20/2016 00:28,0.01,-1,-1,,0,0,0,0,Rollover - 116560746,0,116645557,
-1,1.1284,1.12815,25,-1,1,08/26/2016 01:00,08/26/2016 17:04,1,-1,-1,EURUSD,1.1384,1.1134,0,0,commento,100200,117085581,
-1,1.12541,1.12814,-273,-1,1,08/26/2016 17:00,08/26/2016 17:04,1,-1,-1,EURUSD,1.1355,1.1105,0,0,commento,100201,117119973,
-1,1.13132,1.1275,-382,1,1,08/26/2016 17:30,08/26/2016 17:47,1,-1,-1,EURUSD,1.12133,1.14633,0,0,commento,100201,117124357,
-1,1.12783,1.1264,143,-1,1,08/26/2016 18:00,08/26/2016 18:22,1,-1,-1,EURUSD,1.13782,1.11282,0,0,commento,100200,117127749,
-1,1.12551,1.12237,314,-1,1,08/26/2016 18:30,08/26/2016 19:22,1,-1,-1,EURUSD,1.13551,1.11051,0,0,commento,100201,117130924,
-1,1.12567,1.12096,-471,1,1,08/26/2016 18:30,08/26/2016 20:53,1,-1,-1,EURUSD,1.11568,1.14068,0,0,commento,100200,117130925,
-1,1.12553,1.12185,368,-1,1,08/26/2016 18:30,08/26/2016 19:20,1,-1,-1,EURUSD,1.13551,1.11051,0,0,commento,100205,117130926,
-1,1.12008,1.11867,141,-1,1,08/29/2016 07:30,08/29/2016 11:28,1,-1,-1,EURUSD,1.13008,1.10508,0,0,commento,100200,117205876,
-1,0,0,2.5,-11,1,08/30/2016 00:27,08/30/2016 00:27,0.01,-1,-1,,0,0,0,0,Rollover - 117270397,0,117306949,
-1,1.11914,1.11383,-531,1,1,08/30/2016 00:00,08/30/2016 17:08,1,-1,-1,EURUSD,1.10915,1.13415,0,0,commento,100201,117278995,
-1,1.11913,1.11382,-531,1,1,08/30/2016 00:00,08/30/2016 17:08,1,-1,-1,EURUSD,1.10915,1.13415,0,0,commento,100205,117278996,
-1,1.11764,1.11536,228,-1,1,08/29/2016 19:30,08/30/2016 17:36,1,-1,-1,EURUSD,1.12763,1.10263,0,0,commento,100200,117270397,
-1,1.11477,1.11438,39,-1,1,08/31/2016 02:00,08/31/2016 03:58,1,-1,-1,EURUSD,1.12476,1.09976,0,0,commento,100200,117442461,
-1,1.11418,1.11507,89,1,1,08/31/2016 04:00,08/31/2016 08:31,1,-1,-1,EURUSD,1.10419,1.12919,0,0,commento,100200,117447890,
-1,1.11574,1.11264,-310,1,1,08/31/2016 08:00,08/31/2016 15:16,1,-1,-1,EURUSD,1.10576,1.13076,0,0,commento,100205,117456268,
-1,1.11574,1.11254,-320,1,1,08/31/2016 07:30,08/31/2016 15:21,1,-1,-1,EURUSD,1.10575,1.13075,0,0,commento,100201,117455100,
-1,1.11484,1.11597,113,1,1,08/31/2016 09:30,08/31/2016 19:51,1,-1,-1,EURUSD,1.10484,1.12984,0,0,commento,100200,117460540,
-1,0,0,-22,-11,1,09/01/2016 00:35,09/01/2016 00:35,0.01,-1,-1,,0,0,0,0,Rollover - 117505236,0,117565733,
-1,0,0,-22,-11,1,09/01/2016 00:35,09/01/2016 00:35,0.01,-1,-1,,0,0,0,0,Rollover - 117505237,0,117565734,
-1,1.11585,1.11677,92,1,1,09/01/2016 05:00,09/01/2016 17:12,1,-1,-1,EURUSD,1.10586,1.13086,0,0,commento,100200,117616582,
-1,1.11565,1.11912,347,1,1,08/31/2016 20:30,09/01/2016 17:28,1,-1,-1,EURUSD,1.10566,1.13066,0,0,commento,100205,117505237,
-1,1.11565,1.11813,248,1,1,08/31/2016 20:30,09/01/2016 17:37,1,-1,-1,EURUSD,1.10566,1.13066,0,0,commento,100201,117505236,
-1,0,0,-5.5,-11,1,09/02/2016 00:23,09/02/2016 00:23,0.01,-1,-1,,0,0,0,0,Rollover - 117664466,0,117709626,
-1,0,0,-5.5,-11,1,09/02/2016 00:23,09/02/2016 00:23,0.01,-1,-1,,0,0,0,0,Rollover - 117664470,0,117709627,
-1,0,0,2.4,-11,1,09/02/2016 00:23,09/02/2016 00:23,0.01,-1,-1,,0,0,0,0,Rollover - 117661570,0,117709628
-1,1.11863,1.11818,45,-1,1,09/01/2016 17:30,09/02/2016 13:06,1,-1,-1,EURUSD,1.12862,1.10362,0,0,commento,100200,117661570
-1,1.11883,1.12353,470,1,1,09/01/2016 18:00,09/02/2016 15:31,1,-1,-1,EURUSD,1.10886,1.13386,0,0,commento,100205,117664470
-1,1.11883,1.12276,393,1,1,09/01/2016 18:00,09/02/2016 15:32,1,-1,-1,EURUSD,1.10886,1.13386,0,0,commento,100201,117664466
-1,1.12323,1.1175,573,-1,1,09/02/2016 15:30,09/02/2016 17:27,1,-1,-1,EURUSD,1.13314,1.10814,0,0,commento,100200,117762428
-1,1.1213,1.11546,-584,1,1,09/02/2016 16:30,09/02/2016 17:38,1,-1,-1,EURUSD,1.11131,1.13631,0,0,commento,100201,117770863
-1,1.1213,1.11546,-584,1,1,09/02/2016 16:30,09/02/2016 17:38,1,-1,-1,EURUSD,1.11131,1.13631,0,0,commento,100205,117770864
-1,1.11531,1.12066,-535,-1,1,09/02/2016 18:30,09/06/2016 17:04,1,-1,-1,EURUSD,1.12532,1.10032,0,0,commento,100205,117780903
-1,1.11532,1.12069,-537,-1,1,09/02/2016 18:30,09/06/2016 17:04,1,-1,-1,EURUSD,1.12532,1.10032,0,0,commento,100201,117780902
-1,1.11699,1.12511,812,1,1,09/02/2016 17:30,09/06/2016 20:23,1,-1,-1,EURUSD,1.107,1.132,0,0,commento,100200,117776048
-1,1.12476,1.12997,-521,-1,1,09/07/2016 13:30,09/08/2016 13:29,1,-1,-1,EURUSD,1.13476,1.10976,0,0,commento,100201,118352506
-1,1.12498,1.13081,-583,-1,1,09/07/2016 14:30,09/08/2016 14:45,1,-1,-1,EURUSD,1.13498,1.10998,0,0,commento,100205,118368638
-1,1.12479,1.12923,444,1,1,09/07/2016 03:00,09/08/2016 14:59,1,-1,-1,EURUSD,1.1148,1.1398,0,0,commento,100200,118173957
-1,1.12748,1.12071,-677,1,1,09/08/2016 18:00,09/09/2016 16:49,1,-1,-1,EURUSD,1.1176,1.1426,0,0,commento,100200,118551687
-1,1.12512,1.12003,509,-1,1,09/08/2016 21:00,09/09/2016 17:00,1,-1,-1,EURUSD,1.13511,1.11011,0,0,commento,100205,118563137
-1,1.12512,1.12088,424,-1,1,09/08/2016 21:00,09/09/2016 17:01,1,-1,-1,EURUSD,1.13511,1.11011,0,0,commento,100201,118563138
-1,1.12302,1.12152,150,-1,1,09/09/2016 23:30,09/13/2016 22:37,1,-1,-1,EURUSD,1.13303,1.10803,0,0,commento,100200,118709842
-1,1.1218,1.12731,-551,-1,1,09/14/2016 05:31,09/14/2016 18:21,1,-1,-1,EURUSD,1.1318,1.1068,0,0,commento,100200,119065638
-1,1.12441,1.12531,90,1,1,09/15/2016 02:00,09/15/2016 15:28,1,-1,-1,EURUSD,1.11443,1.13943,0,0,commento,100200,119200161
-1,1.12325,1.12398,73,1,1,09/15/2016 17:00,09/15/2016 18:01,1,-1,-1,EURUSD,1.11326,1.13826,0,0,commento,100200,119273856
-1,1.12452,1.12391,61,-1,1,09/15/2016 19:00,09/16/2016 10:34,1,-1,-1,EURUSD,1.1345,1.1095,0,0,commento,100200,119284436
-1,1.12443,1.11841,-602,1,1,09/12/2016 09:00,09/16/2016 15:50,1,-1,-1,EURUSD,1.11444,1.13944,0,0,commento,100205,118785039
-1,1.12439,1.11844,-595,1,1,09/12/2016 07:00,09/16/2016 15:50,1,-1,-1,EURUSD,1.1144,1.1394,0,0,commento,100201,118781983
-1,1.11714,1.11783,-69,-1,1,09/19/2016 19:30,09/19/2016 20:00,1,-1,-1,EURUSD,1.12714,1.10214,0,0,commento,100804,119569619
-1,1.11725,1.11997,-272,-1,1,09/19/2016 21:00,09/20/2016 10:00,1,-1,-1,EURUSD,1.12724,1.10224,0,0,commento,100804,119575104
-1,1.11763,1.11909,146,1,1,09/20/2016 03:30,09/20/2016 11:18,1,-1,-1,EURUSD,1.10764,1.13264,0,0,commento,100200,119647733
-1,1.11683,1.11358,325,-1,1,09/20/2016 18:30,09/21/2016 07:15,1,-1,-1,EURUSD,1.12682,1.10182,0,0,commento,100205,119711311
-1,1.11725,1.11509,216,-1,1,09/20/2016 08:30,09/21/2016 10:16,1,-1,-1,EURUSD,1.12725,1.10225,0,0,commento,100201,119658926
-1,1.11857,1.11552,305,-1,1,09/20/2016 12:30,09/21/2016 11:00,1,-1,-1,EURUSD,1.12856,1.10356,0,0,commento,100804,119685209
-1,1.11805,1.11862,57,1,1,09/20/2016 14:00,09/21/2016 21:18,1,-1,-1,EURUSD,1.10806,1.13306,0,0,commento,100200,119691231
-1,1.11654,1.1177,116,1,1,09/21/2016 19:00,09/21/2016 21:21,1,-1,-1,EURUSD,1.10655,1.13155,0,0,commento,100201,120021886
-1,1.11583,1.11762,-179,-1,1,09/21/2016 20:30,09/21/2016 22:00,1,-1,-1,EURUSD,1.1258,1.1008,0,0,commento,100804,120052753
-1,1.11606,1.11968,362,1,1,09/21/2016 19:30,09/22/2016 03:15,1,-1,-1,EURUSD,1.10604,1.13104,0,0,commento,100205,120032372
-1,1.11918,1.1223,-312,-1,1,09/22/2016 04:30,09/22/2016 09:30,1,-1,-1,EURUSD,1.12916,1.10416,0,0,commento,100804,120141792
-1,1.12394,1.12116,278,-1,1,09/22/2016 18:00,09/23/2016 10:00,1,-1,-1,EURUSD,1.13394,1.10894,0,0,commento,100804,120213107
-1,1.12017,1.12136,-119,-1,1,09/23/2016 11:00,09/23/2016 13:00,1,-1,-1,EURUSD,1.13016,1.10516,0,0,commento,100804,120323627
-1,1.12157,1.12244,-87,-1,1,09/23/2016 16:00,09/23/2016 18:30,1,-1,-1,EURUSD,1.13157,1.10657,0,0,commento,100804,120345494
-1,1.12279,1.12401,-122,-1,1,09/23/2016 23:00,09/26/2016 02:30,1,-1,-1,EURUSD,1.13279,1.10779,0,0,commento,100804,120369774
-1,1.12312,1.12397,-85,-1,1,09/26/2016 04:00,09/26/2016 11:30,1,-1,-1,EURUSD,1.13312,1.10812,0,0,commento,100804,120439466
-1,1.12294,1.12362,68,1,1,09/22/2016 19:00,09/26/2016 12:11,1,-1,-1,EURUSD,1.11295,1.13795,0,0,commento,100200,120217995
-1,1.12037,1.12516,-479,-1,1,09/22/2016 22:30,09/26/2016 14:38,1,-1,-1,EURUSD,1.13037,1.10537,0,0,commento,100201,120229392
-1,1.12047,1.12542,-495,-1,1,09/22/2016 23:00,09/26/2016 14:44,1,-1,-1,EURUSD,1.13047,1.10547,0,0,commento,100205,120231661
-1,1.12506,1.12705,-199,-1,1,09/26/2016 17:30,09/26/2016 18:00,1,-1,-1,EURUSD,1.13506,1.11006,0,0,commento,100804,120492426
-1,1.12542,1.12527,15,-1,1,09/26/2016 19:30,09/27/2016 10:30,1,-1,-1,EURUSD,1.13542,1.11042,0,0,commento,100804,120501761
-1,1.12567,1.12062,-505,1,1,09/26/2016 22:30,09/27/2016 15:30,1,-1,-1,EURUSD,1.11568,1.14068,0,0,commento,100200,120508804
-1,1.12192,1.12051,-141,1,1,09/27/2016 20:00,09/28/2016 05:30,1,-1,-1,EURUSD,1.11193,1.13693,0,0,commento,100804,120643868
-1,1.12179,1.12105,74,-1,1,09/27/2016 22:30,09/28/2016 06:14,1,-1,-1,EURUSD,1.13179,1.10679,0,0,commento,100200,120650911
-1,1.12133,1.11992,-141,1,1,09/28/2016 06:30,09/28/2016 10:00,1,-1,-1,EURUSD,1.11133,1.13633,0,0,commento,100804,120727847
-1,1.12036,1.11886,-150,1,1,09/28/2016 11:30,09/28/2016 18:00,1,-1,-1,EURUSD,1.11037,1.13537,0,0,commento,100804,120745350
-1,1.12134,1.11997,137,-1,1,09/28/2016 12:00,09/28/2016 18:39,1,-1,-1,EURUSD,1.13134,1.10634,0,0,commento,100200,120748262
-1,1.12003,1.12185,182,1,1,09/28/2016 19:00,09/29/2016 11:00,1,-1,-1,EURUSD,1.11002,1.13502,0,0,commento,100804,120787586
-1,1.12145,1.12037,108,-1,1,09/28/2016 21:30,09/29/2016 16:07,1,-1,-1,EURUSD,1.13146,1.10646,0,0,commento,100200,120799459
-1,1.12293,1.1216,133,-1,1,09/29/2016 17:30,09/29/2016 20:28,1,-1,-1,EURUSD,1.13293,1.10793,0,0,commento,100200,120952322
-1,1.12144,1.12044,-100,1,1,09/29/2016 17:00,09/29/2016 21:00,1,-1,-1,EURUSD,1.11145,1.13645,0,0,commento,100804,120947844
-1,1.12164,1.12214,50,1,1,09/29/2016 20:30,09/30/2016 09:23,1,-1,-1,EURUSD,1.11164,1.13664,0,0,commento,100200,120974997
-1,1.12165,1.1176,-405,1,1,09/28/2016 15:00,09/30/2016 10:21,1,-1,-1,EURUSD,1.11167,1.13667,0,0,commento,100201,120760853
-1,1.12165,1.11761,-404,1,1,09/28/2016 15:00,09/30/2016 10:21,1,-1,-1,EURUSD,1.11167,1.13667,0,0,commento,100205,120760856
-1,1.11774,1.11816,42,1,1,09/30/2016 10:30,09/30/2016 10:54,1,-1,-1,EURUSD,1.10775,1.13275,0,0,commento,100200,121091264
-1,1.12168,1.12139,-29,1,1,09/30/2016 16:30,10/03/2016 17:00,1,-1,-1,EURUSD,1.11169,1.13669,0,0,commento,100804,121126087
-1,1.12183,1.12093,-90,1,1,10/03/2016 20:00,10/04/2016 00:00,1,-1,-1,EURUSD,1.11184,1.13684,0,0,commento,100804,121274727
-1,1.12384,1.11875,-509,1,1,09/30/2016 19:00,10/04/2016 09:02,1,-1,-1,EURUSD,1.11385,1.13885,0,0,commento,100201,121142659
-1,1.12385,1.11875,-510,1,1,09/30/2016 19:00,10/04/2016 09:02,1,-1,-1,EURUSD,1.11386,1.13886,0,0,commento,100205,121142660
-1,1.12153,1.11686,467,-1,1,09/30/2016 16:30,10/04/2016 13:44,1,-1,-1,EURUSD,1.13153,1.10653,0,0,commento,100200,121126090
-1,1.11687,1.11604,-83,1,1,10/04/2016 16:00,10/04/2016 16:30,1,-1,-1,EURUSD,1.10688,1.13188,0,0,commento,100804,121390949
-1,1.11584,1.1153,-54,1,1,10/04/2016 18:00,10/04/2016 18:30,1,-1,-1,EURUSD,1.1059,1.1309,0,0,commento,100804,121401609
-1,1.12092,1.11961,131,-1,1,10/04/2016 19:00,10/04/2016 19:24,1,-1,-1,EURUSD,1.13094,1.10594,0,0,commento,100200,121408752
-1,1.12033,1.12227,-194,-1,1,10/05/2016 01:30,10/05/2016 05:00,1,-1,-1,EURUSD,1.13033,1.10533,0,0,commento,100804,121489275
-1,1.12193,1.12242,-49,-1,1,10/05/2016 06:00,10/05/2016 07:30,1,-1,-1,EURUSD,1.13193,1.10693,0,0,commento,100804,121499800
-1,1.12167,1.11523,-644,1,1,10/05/2016 15:00,10/06/2016 18:46,1,-1,-1,EURUSD,1.11168,1.13668,0,0,commento,100200,121528256
-1,1.11993,1.11464,-529,1,1,10/04/2016 21:30,10/06/2016 18:50,1,-1,-1,EURUSD,1.10994,1.13494,0,0,commento,100205,121420426
-1,1.11993,1.11461,-532,1,1,10/04/2016 21:30,10/06/2016 18:50,1,-1,-1,EURUSD,1.10994,1.13494,0,0,commento,100201,121420427
-1,1.12202,1.11352,850,-1,1,10/05/2016 13:00,10/07/2016 13:30,1,-1,-1,EURUSD,1.13202,1.10702,0,0,commento,100804,121522955
-1,1.11606,1.11268,-338,1,1,10/07/2016 15:30,10/07/2016 15:35,1,-1,-1,EURUSD,1.10655,1.13155,0,0,commento,100201,121848727
-1,1.11249,1.11814,-565,-1,1,10/07/2016 12:30,10/07/2016 16:02,1,-1,-1,EURUSD,1.12249,1.09749,0,0,commento,100200,121833583
-1,1.11557,1.11823,-266,-1,1,10/07/2016 19:00,10/07/2016 22:00,1,-1,-1,EURUSD,1.12556,1.10056,0,0,commento,100804,121877725
-1,1.11923,1.11992,-69,-1,1,10/10/2016 03:00,10/10/2016 04:00,1,-1,-1,EURUSD,1.12922,1.10422,0,0,commento,100804,121905741
-1,1.11832,1.11722,-110,1,1,10/10/2016 11:30,10/10/2016 12:30,1,-1,-1,EURUSD,1.10832,1.13332,0,0,commento,100804,121933082
-1,1.11577,1.11519,-58,1,1,10/10/2016 19:00,10/10/2016 19:30,1,-1,-1,EURUSD,1.10578,1.13078,0,0,commento,100804,121960803
-1,1.11755,1.11359,-396,1,1,10/07/2016 16:00,10/10/2016 20:42,1,-1,-1,EURUSD,1.10752,1.13252,0,0,commento,100205,121856294
-1,1.1141,1.11208,-202,1,1,10/11/2016 01:30,10/11/2016 05:00,1,-1,-1,EURUSD,1.10411,1.12911,0,0,commento,100804,122033290
-1,1.11723,1.11266,457,-1,1,10/10/2016 12:30,10/11/2016 05:11,1,-1,-1,EURUSD,1.12722,1.10222,0,0,commento,100201,121936879
-1,1.11326,1.11212,-114,1,1,10/11/2016 07:00,10/11/2016 09:00,1,-1,-1,EURUSD,1.10327,1.12827,0,0,commento,100804,122046243
-1,1.11846,1.11071,-775,1,1,10/10/2016 08:30,10/11/2016 10:26,1,-1,-1,EURUSD,1.10852,1.13352,0,0,commento,100200,121917513
-1,1.10575,1.10522,-53,1,1,10/11/2016 23:00,10/12/2016 00:00,1,-1,-1,EURUSD,1.09576,1.12076,0,0,commento,100804,122116904

-1,1.12471,1.10967,1504,-1,1,09/22/2016 15:50,10/11/2016 13:14,1,-1,-1,EURUSD,1.13469,1.10969,0,0,commento[tp],100502,120198468


-1,1.1054,1.10354,-186,1,1,10/12/2016 09:30,10/12/2016 10:30,1,-1,-1,EURUSD,1.09527,1.12027,0,0,commento,100804,122207649
-1,1.10256,1.10208,-48,1,1,10/12/2016 15:00,10/12/2016 15:30,1,-1,-1,EURUSD,1.09257,1.11757,0,0,commento,100804,122232578
-1,1.10307,1.10131,-176,1,1,10/12/2016 17:00,10/12/2016 18:00,1,-1,-1,EURUSD,1.09309,1.11809,0,0,commento,100804,122243886
-1,1.10317,1.10201,116,-1,1,10/12/2016 17:30,10/12/2016 18:52,1,-1,-1,EURUSD,1.11317,1.08817,0,0,commento,100200,122246434
-1,1.10236,1.10166,70,-1,1,10/12/2016 20:30,10/13/2016 03:05,1,-1,-1,EURUSD,1.11236,1.08736,0,0,commento,100200,122258687
-1,1.10242,1.10126,116,-1,1,10/13/2016 05:30,10/13/2016 09:09,1,-1,-1,EURUSD,1.11242,1.08742,0,0,commento,100200,122349550
-1,1.1015,1.09905,-245,1,1,10/12/2016 19:00,10/13/2016 11:30,1,-1,-1,EURUSD,1.09146,1.11646,0,0,commento,100804,122254300
-1,1.1016,1.10248,88,1,1,10/13/2016 09:30,10/13/2016 14:13,1,-1,-1,EURUSD,1.09161,1.11661,0,0,commento,100200,122363452
-1,1.10157,1.10544,387,1,1,10/13/2016 08:00,10/13/2016 23:27,1,-1,-1,EURUSD,1.09157,1.11657,0,0,commento,100205,122357606
-1,1.10157,1.10513,356,1,1,10/13/2016 08:00,10/14/2016 01:00,1,-1,-1,EURUSD,1.09157,1.11657,0,0,commento,100201,122357607
-1,1.10443,1.10496,53,1,1,10/14/2016 03:30,10/14/2016 04:31,1,-1,-1,EURUSD,1.09444,1.11944,0,0,commento,100200,122496215
-1,1.10121,1.10379,258,1,1,10/13/2016 12:30,10/14/2016 06:30,1,-1,-1,EURUSD,1.09122,1.11622,0,0,commento,100804,122380152
-1,1.1021,1.1012,-90,1,1,10/14/2016 13:30,10/14/2016 14:00,1,-1,-1,EURUSD,1.09211,1.11711,0,0,commento,100804,122534827
-1,1.10468,1.09983,-485,1,1,10/14/2016 05:00,10/14/2016 15:30,1,-1,-1,EURUSD,1.09469,1.11969,0,0,commento,100200,122502653
-1,1.10239,1.10189,50,-1,1,10/14/2016 08:30,10/14/2016 15:38,1,-1,-1,EURUSD,1.11239,1.08739,0,0,commento,100201,122511504
-1,1.10171,1.10071,100,-1,1,10/14/2016 17:30,10/14/2016 18:02,1,-1,-1,EURUSD,1.11171,1.08671,0,0,commento,100200,122557137
-1,1.10239,1.09919,320,-1,1,10/14/2016 08:30,10/14/2016 18:28,1,-1,-1,EURUSD,1.11239,1.08739,0,0,commento,100205,122511505
-1,1.1012,1.09907,-213,1,1,10/14/2016 16:00,10/14/2016 18:30,1,-1,-1,EURUSD,1.09123,1.11623,0,0,commento,100804,122547635
-1,1.10073,1.09903,-170,1,1,10/14/2016 20:30,10/14/2016 21:00,1,-1,-1,EURUSD,1.0907,1.1157,0,0,commento,100804,122570899
-1,1.09824,1.09781,43,-1,1,10/17/2016 07:00,10/17/2016 11:15,1,-1,-1,EURUSD,1.10824,1.08324,0,0,commento,100200,122662698
-1,1.09978,1.10078,100,1,1,10/17/2016 22:00,10/18/2016 03:00,1,-1,-1,EURUSD,1.08979,1.11479,0,0,commento,100200,122723369
-1,1.09959,1.10244,285,1,1,10/17/2016 14:30,10/18/2016 04:04,1,-1,-1,EURUSD,1.08959,1.11459,0,0,commento,100205,122693569
-1,1.09904,1.10185,281,1,1,10/17/2016 13:30,10/18/2016 04:20,1,-1,-1,EURUSD,1.08906,1.11406,0,0,commento,100201,122688011
-1,1.09715,1.10064,349,1,1,10/17/2016 05:00,10/18/2016 14:00,1,-1,-1,EURUSD,1.08718,1.11218,0,0,commento,100804,122657924
-1,1.09985,1.09807,-178,1,1,10/18/2016 19:01,10/18/2016 21:00,1,-1,-1,EURUSD,1.08982,1.11482,0,0,commento,100804,122861962
-1,1.09847,1.09916,-69,-1,1,10/19/2016 07:30,10/19/2016 11:01,1,-1,-1,EURUSD,1.10847,1.08347,0,0,commento,100804,122952106
-1,1.09936,1.09983,-47,-1,1,10/19/2016 12:30,10/19/2016 13:00,1,-1,-1,EURUSD,1.10936,1.08436,0,0,commento,100804,122972522
-1,1.09994,1.0967,324,-1,1,10/18/2016 15:30,10/19/2016 15:31,1,-1,-1,EURUSD,1.10994,1.08494,0,0,commento,100201,122840551
-1,1.10106,1.09594,-512,1,1,10/18/2016 10:30,10/19/2016 16:05,1,-1,-1,EURUSD,1.09107,1.11607,0,0,commento,100200,122817894
-1,1.09675,1.09627,-48,1,1,10/19/2016 20:01,10/19/2016 21:01,1,-1,-1,EURUSD,1.08676,1.11176,0,0,commento,100804,123009546
-1,1.09725,1.09791,-66,-1,1,10/20/2016 02:30,10/20/2016 06:00,1,-1,-1,EURUSD,1.10725,1.08225,0,0,commento,100804,123093029
-1,1.0971,1.09637,73,-1,1,10/19/2016 23:31,10/20/2016 08:23,1,-1,-1,EURUSD,1.1071,1.0821,0,0,commento,100200,123019573
-1,1.09744,1.09666,78,-1,1,10/20/2016 11:00,10/20/2016 12:49,1,-1,-1,EURUSD,1.10744,1.08244,0,0,commento,100200,123120520
-1,1.09675,1.09745,70,1,1,10/20/2016 13:00,10/20/2016 14:11,1,-1,-1,EURUSD,1.08676,1.11176,0,0,commento,100200,123131550
-1,1.09856,1.10206,-350,-1,1,10/18/2016 16:00,10/20/2016 15:45,1,-1,-1,EURUSD,1.10856,1.08356,0,0,commento,100205,122843884
-1,1.09668,1.10206,-538,-1,1,10/19/2016 16:01,10/20/2016 15:45,1,-1,-1,EURUSD,1.10668,1.08168,0,0,commento,100201,122987813
-1,1.09667,1.09428,-239,1,1,10/20/2016 10:00,10/20/2016 16:30,1,-1,-1,EURUSD,1.08667,1.11167,0,0,commento,100804,123115944
-1,1.09444,1.09466,22,1,1,10/20/2016 16:30,10/20/2016 16:39,1,-1,-1,EURUSD,1.08446,1.10946,0,0,commento,100200,123155848
-1,1.09491,1.09186,305,-1,1,10/20/2016 17:00,10/20/2016 17:55,1,-1,-1,EURUSD,1.10491,1.07991,0,0,commento,100205,123160448
-1,1.09491,1.09196,295,-1,1,10/20/2016 17:00,10/20/2016 17:56,1,-1,-1,EURUSD,1.10491,1.07991,0,0,commento,100201,123160445
-1,1.0945,1.09401,-49,1,1,10/20/2016 20:00,10/20/2016 20:30,1,-1,-1,EURUSD,1.0845,1.1095,0,0,commento,100804,123177615
-1,1.09308,1.09095,-213,1,1,10/21/2016 00:00,10/21/2016 05:00,1,-1,-1,EURUSD,1.08309,1.10809,0,0,commento,100804,123187030
-1,1.09096,1.08948,-148,1,1,10/21/2016 09:30,10/21/2016 10:30,1,-1,-1,EURUSD,1.08098,1.10598,0,0,commento,100804,123274720
-1,1.09021,1.08834,-187,1,1,10/21/2016 13:00,10/21/2016 15:30,1,-1,-1,EURUSD,1.08022,1.10522,0,0,commento,100804,123289270
-1,1.0874,1.08642,-98,1,1,10/21/2016 20:00,10/21/2016 20:30,1,-1,-1,EURUSD,1.07745,1.10245,0,0,commento,100804,123323198
-1,1.08732,1.08591,-141,1,1,10/21/2016 22:00,10/24/2016 05:00,1,-1,-1,EURUSD,1.07744,1.10244,0,0,commento,100804,123328491
-1,1.08804,1.08673,131,-1,1,10/21/2016 23:00,10/24/2016 06:27,1,-1,-1,EURUSD,1.09804,1.07304,0,0,commento,100200,123330335
-1,1.08638,1.08777,139,1,1,10/24/2016 06:00,10/24/2016 17:30,1,-1,-1,EURUSD,1.07639,1.10139,0,0,commento,100804,123411025
-1,1.08778,1.08725,-53,1,1,10/24/2016 21:30,10/24/2016 22:30,1,-1,-1,EURUSD,1.07777,1.10277,0,0,commento,100804,123467381
-1,1.08808,1.08711,-97,1,1,10/24/2016 23:30,10/25/2016 15:30,1,-1,-1,EURUSD,1.07807,1.10307,0,0,commento,100804,123471043

